{
  "advancedEditorSelectedIdentifier" : "ShaderGraphEditorPluginID",
  "openSceneRelativePaths" : [
    "Scene.usda"
  ],
  "recentIdentifiers" : {
    "F2451F18-E580-4148-9879-D2D30F28F66A" : [

    ]
  },
  "sceneCameraHistory" : {
    "F2451F18-E580-4148-9879-D2D30F28F66A" : [
      {
        "date" : 773516198.513477,
        "title" : "Untitled",
        "transform" : [
          0.35899052,
          -1.7249672e-08,
          -0.93334115,
          0,
          -0.3641379,
          0.92075366,
          -0.1400582,
          0,
          0.85937744,
          0.39014435,
          0.33054188,
          0,
          1.4207554,
          0.9461678,
          0.8290867,
          1
        ]
      },
      {
        "date" : 773516196.949292,
        "title" : "Untitled",
        "transform" : [
          0.49669343,
          -1.318381e-08,
          -0.867926,
          0,
          -0.5843329,
          0.73941314,
          -0.33439988,
          0,
          0.64175606,
          0.67325187,
          0.36726174,
          0,
          0.9264078,
          1.4308165,
          0.8340846,
          1
        ]
      },
      {
        "date" : 773488079.15251,
        "title" : "Untitled",
        "transform" : [
          0.44187236,
          -6.9047874e-09,
          -0.8970779,
          0,
          -0.23127069,
          0.96619713,
          -0.113916725,
          0,
          0.8667542,
          0.2578043,
          0.42693588,
          0,
          1.4442289,
          0.7102683,
          1.0054287,
          1
        ]
      },
      {
        "date" : 773488065.801576,
        "title" : "Untitled",
        "transform" : [
          -0.11849779,
          -3.9157833e-09,
          -0.9929543,
          0,
          -0.36249134,
          0.93098265,
          0.043259162,
          0,
          0.92442334,
          0.3650633,
          -0.110319324,
          0,
          1.6954691,
          0.9043349,
          0.05849197,
          1
        ]
      },
      {
        "date" : 773488063.48575,
        "title" : "Untitled",
        "transform" : [
          0.05740746,
          -1.8222175e-09,
          -0.9983508,
          0,
          -0.23425618,
          0.9720816,
          -0.013470312,
          0,
          0.9704785,
          0.23464301,
          0.055804808,
          0,
          1.7577686,
          0.667963,
          0.36022246,
          1
        ]
      },
      {
        "date" : 773488054.519636,
        "title" : "Untitled",
        "transform" : [
          0.1771638,
          -1.8558419e-09,
          -0.98418134,
          0,
          -0.2895864,
          0.95573133,
          -0.052128877,
          0,
          0.9406129,
          0.2942408,
          0.16932106,
          0,
          1.6829294,
          0.6226334,
          0.6546514,
          1
        ]
      },
      {
        "date" : 773488042.969608,
        "title" : "Untitled",
        "transform" : [
          0.111396424,
          1.411671e-09,
          -0.993776,
          0,
          -0.4892843,
          0.8703981,
          -0.05484593,
          0,
          0.86498076,
          0.49234858,
          0.09695932,
          0,
          0.33180726,
          0.12387156,
          0.06413989,
          1
        ]
      },
      {
        "date" : 773488034.325337,
        "title" : "Untitled",
        "transform" : [
          0.31669304,
          7.6399864e-10,
          -0.94852805,
          0,
          -0.75636035,
          0.60344553,
          -0.25253245,
          0,
          0.5723851,
          0.79740417,
          0.19110711,
          0,
          0.8643241,
          1.0480349,
          0.5115935,
          1
        ]
      },
      {
        "date" : 773487957.500107,
        "title" : "Untitled",
        "transform" : [
          0.6952063,
          -2.104823e-10,
          -0.7188102,
          0,
          -0.4107103,
          0.820689,
          -0.39722368,
          0,
          0.5899196,
          0.5713751,
          0.5705483,
          0,
          0.8001719,
          0.4395524,
          1.2024299,
          1
        ]
      },
      {
        "date" : 773487955.658819,
        "title" : "Untitled",
        "transform" : [
          0.6952063,
          -2.104823e-10,
          -0.7188102,
          0,
          -0.4107103,
          0.820689,
          -0.39722368,
          0,
          0.5899196,
          0.5713751,
          0.5705483,
          0,
          1.2430212,
          0.6828195,
          1.8817421,
          1
        ]
      }
    ]
  },
  "sceneViewportBackgroundColors" : {

  }
}