{
  "advancedEditorSelectedIdentifier" : "ShaderGraphEditorPluginID",
  "openSceneRelativePaths" : [
    "Scene.usda"
  ],
  "recentIdentifiers" : {
    "F2451F18-E580-4148-9879-D2D30F28F66A" : [

    ]
  },
  "sceneCameraHistory" : {
    "F2451F18-E580-4148-9879-D2D30F28F66A" : [
      {
        "date" : 773599045.278184,
        "title" : "Untitled",
        "transform" : [
          -0.09285253,
          -1.3499548e-08,
          -0.99567986,
          0,
          -0.09639889,
          0.9953022,
          0.008989713,
          0,
          0.9910023,
          0.096817,
          -0.092416346,
          0,
          0.24833511,
          0.098978326,
          -0.11106369,
          1
        ]
      },
      {
        "date" : 773599032.0821,
        "title" : "Untitled",
        "transform" : [
          0.9813389,
          -1.4423956e-08,
          -0.1922861,
          0,
          -0.07373048,
          0.9235651,
          -0.37628612,
          0,
          0.17758879,
          0.38344148,
          0.9063305,
          0,
          0.06451256,
          0.1666999,
          0.21026681,
          1
        ]
      },
      {
        "date" : 773599028.545203,
        "title" : "Untitled",
        "transform" : [
          0.61758554,
          -1.4633635e-08,
          0.7865037,
          0,
          0.3483074,
          0.89659303,
          -0.27350107,
          0,
          -0.70517385,
          0.44285527,
          0.553723,
          0,
          -0.2287442,
          0.17097604,
          0.08407801,
          1
        ]
      },
      {
        "date" : 773596504.993361,
        "title" : "Untitled",
        "transform" : [
          0.9976462,
          -1.6726272e-08,
          -0.06857057,
          0,
          -0.0093771275,
          0.9906053,
          -0.13643023,
          0,
          0.06792639,
          0.13675198,
          0.98827374,
          0,
          -0.09339706,
          0.49508712,
          1.8574625,
          1
        ]
      },
      {
        "date" : 773516198.513477,
        "title" : "Untitled",
        "transform" : [
          0.35899052,
          -1.7249672e-08,
          -0.93334115,
          0,
          -0.3641379,
          0.92075366,
          -0.1400582,
          0,
          0.85937744,
          0.39014435,
          0.33054188,
          0,
          1.4207554,
          0.9461678,
          0.8290867,
          1
        ]
      },
      {
        "date" : 773516196.949292,
        "title" : "Untitled",
        "transform" : [
          0.49669343,
          -1.318381e-08,
          -0.867926,
          0,
          -0.5843329,
          0.73941314,
          -0.33439988,
          0,
          0.64175606,
          0.67325187,
          0.36726174,
          0,
          0.9264078,
          1.4308165,
          0.8340846,
          1
        ]
      },
      {
        "date" : 773488079.15251,
        "title" : "Untitled",
        "transform" : [
          0.44187236,
          -6.9047874e-09,
          -0.8970779,
          0,
          -0.23127069,
          0.96619713,
          -0.113916725,
          0,
          0.8667542,
          0.2578043,
          0.42693588,
          0,
          1.4442289,
          0.7102683,
          1.0054287,
          1
        ]
      },
      {
        "date" : 773488065.801576,
        "title" : "Untitled",
        "transform" : [
          -0.11849779,
          -3.9157833e-09,
          -0.9929543,
          0,
          -0.36249134,
          0.93098265,
          0.043259162,
          0,
          0.92442334,
          0.3650633,
          -0.110319324,
          0,
          1.6954691,
          0.9043349,
          0.05849197,
          1
        ]
      },
      {
        "date" : 773488063.48575,
        "title" : "Untitled",
        "transform" : [
          0.05740746,
          -1.8222175e-09,
          -0.9983508,
          0,
          -0.23425618,
          0.9720816,
          -0.013470312,
          0,
          0.9704785,
          0.23464301,
          0.055804808,
          0,
          1.7577686,
          0.667963,
          0.36022246,
          1
        ]
      },
      {
        "date" : 773488054.519636,
        "title" : "Untitled",
        "transform" : [
          0.1771638,
          -1.8558419e-09,
          -0.98418134,
          0,
          -0.2895864,
          0.95573133,
          -0.052128877,
          0,
          0.9406129,
          0.2942408,
          0.16932106,
          0,
          1.6829294,
          0.6226334,
          0.6546514,
          1
        ]
      }
    ]
  },
  "sceneViewportBackgroundColors" : {

  }
}