{
  "advancedEditorSelectedIdentifier" : "ShaderGraphEditorPluginID",
  "openSceneRelativePaths" : [
    "Scene.usda"
  ],
  "recentIdentifiers" : {
    "F2451F18-E580-4148-9879-D2D30F28F66A" : [

    ]
  },
  "sceneCameraHistory" : {
    "F2451F18-E580-4148-9879-D2D30F28F66A" : [
      {
        "date" : 773251013.809257,
        "title" : "Untitled",
        "transform" : [
          0.8636327,
          -7.852343e-09,
          0.5041217,
          0,
          0.287652,
          0.82122797,
          -0.49278912,
          0,
          -0.4139989,
          0.5706001,
          0.7092394,
          0,
          -1.0276927,
          0.68243265,
          1.1302667,
          1
        ]
      },
      {
        "date" : 773250814.019657,
        "title" : "Untitled",
        "transform" : [
          0.8983282,
          -4.3854747e-09,
          0.43932506,
          0,
          0.18438411,
          0.9076636,
          -0.37702712,
          0,
          -0.39875937,
          0.41969836,
          0.81537986,
          0,
          -0.90472287,
          0.263628,
          1.2741764,
          1
        ]
      },
      {
        "date" : 773250716.270466,
        "title" : "Untitled",
        "transform" : [
          0.9458418,
          -8.0011686e-10,
          0.3246276,
          0,
          0.18124841,
          0.8296209,
          -0.5280892,
          0,
          -0.26931784,
          0.5583269,
          0.7846904,
          0,
          -0.5923609,
          0.6473005,
          1.3000026,
          1
        ]
      },
      {
        "date" : 773249050.174966,
        "title" : "Untitled",
        "transform" : [
          0.98121005,
          -6.9757533e-12,
          0.19294243,
          0,
          0.120288104,
          0.78187096,
          -0.611726,
          0,
          -0.15085608,
          0.6234401,
          0.7671798,
          0,
          -0.26240838,
          0.83621776,
          1.3003876,
          1
        ]
      },
      {
        "date" : 773249048.819609,
        "title" : "Untitled",
        "transform" : [
          0.98121005,
          -6.9757533e-12,
          0.19294243,
          0,
          0.120288104,
          0.78187096,
          -0.611726,
          0,
          -0.15085608,
          0.6234401,
          0.7671798,
          0,
          -0.69328356,
          1.2984427,
          0.8400398,
          1
        ]
      },
      {
        "date" : 773249041.591181,
        "title" : "Untitled",
        "transform" : [
          0.9646708,
          6.8314554e-10,
          0.26345822,
          0,
          0.2152405,
          0.576664,
          -0.7881182,
          0,
          -0.15192688,
          0.81698126,
          0.55629104,
          0,
          -0.7351867,
          0.88270843,
          1.3934546,
          1
        ]
      },
      {
        "date" : 773249011.741662,
        "title" : "Untitled",
        "transform" : [
          0.9646708,
          6.8314554e-10,
          0.26345822,
          0,
          0.2152405,
          0.576664,
          -0.7881182,
          0,
          -0.15192688,
          0.81698126,
          0.55629104,
          0,
          -1.3775092,
          3.5860915,
          2.276164,
          1
        ]
      },
      {
        "date" : 773249007.891437,
        "title" : "Untitled",
        "transform" : [
          0.98962927,
          2.0454394e-10,
          0.14364517,
          0,
          0.10876358,
          0.65322006,
          -0.74931574,
          0,
          -0.0938319,
          0.75716794,
          0.6464458,
          0,
          -0.5233504,
          2.8528388,
          2.6998415,
          1
        ]
      },
      {
        "date" : 773248689.559542,
        "title" : "Untitled",
        "transform" : [
          0.98962927,
          2.0454394e-10,
          0.14364517,
          0,
          0.10876358,
          0.65322006,
          -0.74931574,
          0,
          -0.0938319,
          0.75716794,
          0.6464458,
          0,
          -0.24649246,
          0.61875755,
          0.7924545,
          1
        ]
      },
      {
        "date" : 773248682.124749,
        "title" : "Untitled",
        "transform" : [
          0.7764372,
          -3.4518832e-11,
          0.6301946,
          0,
          0.32833087,
          0.8535571,
          -0.40452307,
          0,
          -0.5379071,
          0.5209989,
          0.6627336,
          0,
          -0.71208686,
          0.33830732,
          0.670883,
          1
        ]
      }
    ]
  },
  "sceneViewportBackgroundColors" : {

  }
}