{
  "advancedEditorSelectedIdentifier" : "ProjectBrowser",
  "openSceneRelativePaths" : [
    "Scene.usda"
  ],
  "recentIdentifiers" : {
    "F2451F18-E580-4148-9879-D2D30F28F66A" : [

    ]
  },
  "sceneCameraHistory" : {
    "F2451F18-E580-4148-9879-D2D30F28F66A" : [
      {
        "date" : 773241861.054672,
        "title" : "Untitled",
        "transform" : [
          0.86453694,
          5.351753e-09,
          0.50256926,
          0,
          0.38700125,
          0.6379889,
          -0.66573286,
          0,
          -0.32063365,
          0.7700455,
          0.55156505,
          0,
          -0.20536277,
          0.20000629,
          0.23674455,
          1
        ]
      },
      {
        "date" : 773241834.295861,
        "title" : "Untitled",
        "transform" : [
          0.86453694,
          -5.924811e-09,
          0.50256926,
          0,
          0.15361996,
          0.9521378,
          -0.26426232,
          0,
          -0.47851518,
          0.3056692,
          0.8231583,
          0,
          -0.23108967,
          -0.024717957,
          0.28100082,
          1
        ]
      },
      {
        "date" : 773241830.982206,
        "title" : "Untitled",
        "transform" : [
          0.86453694,
          -4.523187e-09,
          0.5025693,
          0,
          0.15362017,
          0.9521377,
          -0.2642622,
          0,
          -0.4785152,
          0.30566922,
          0.8231582,
          0,
          -0.26192698,
          0.08517837,
          0.2656795,
          1
        ]
      },
      {
        "date" : 773241821.595085,
        "title" : "Untitled",
        "transform" : [
          0.9488206,
          5.4018297e-09,
          0.3158156,
          0,
          0.18875584,
          0.8017372,
          -0.5670879,
          0,
          -0.2532011,
          0.5976767,
          0.76070476,
          0,
          -0.17924432,
          0.18086183,
          0.22559902,
          1
        ]
      },
      {
        "date" : 773241813.462008,
        "title" : "Untitled",
        "transform" : [
          0.9766486,
          5.947088e-09,
          0.21484321,
          0,
          0.09131967,
          0.9051691,
          -0.415126,
          0,
          -0.19446944,
          0.42505172,
          0.8840321,
          0,
          -0.16982704,
          0.10522884,
          0.29466507,
          1
        ]
      },
      {
        "date" : 773241811.927897,
        "title" : "Untitled",
        "transform" : [
          0.9766486,
          5.947088e-09,
          0.21484321,
          0,
          0.09131967,
          0.9051691,
          -0.415126,
          0,
          -0.19446944,
          0.42505172,
          0.8840321,
          0,
          -0.20482084,
          0.18171477,
          0.4537422,
          1
        ]
      },
      {
        "date" : 773241795.495994,
        "title" : "Untitled",
        "transform" : [
          0.44189602,
          1.0364786e-08,
          0.89706635,
          0,
          0.7234415,
          0.5912988,
          -0.35636795,
          0,
          -0.53043425,
          0.8064526,
          0.26129255,
          0,
          -0.33599764,
          0.37332147,
          0.09291858,
          1
        ]
      },
      {
        "date" : 773241785.199771,
        "title" : "Untitled",
        "transform" : [
          0.8403303,
          1.169191e-08,
          0.5420748,
          0,
          0.33236727,
          0.7899752,
          -0.51523894,
          0,
          -0.42822567,
          0.6131388,
          0.66384006,
          0,
          -0.21290898,
          0.18248212,
          0.20401226,
          1
        ]
      },
      {
        "date" : 773241778.44637,
        "title" : "Untitled",
        "transform" : [
          0.7189295,
          6.601198e-09,
          0.6950831,
          0,
          0.15213038,
          0.975755,
          -0.15734923,
          0,
          -0.6782307,
          0.21886618,
          0.70149887,
          0,
          -0.29884136,
          0.021346008,
          0.18693711,
          1
        ]
      },
      {
        "date" : 773241774.617088,
        "title" : "Untitled",
        "transform" : [
          0.97884256,
          -5.577344e-09,
          0.2046148,
          0,
          0.16628179,
          0.58274287,
          -0.7954629,
          0,
          -0.119237855,
          0.8126566,
          0.5704135,
          0,
          -0.13246086,
          0.2435808,
          0.21870023,
          1
        ]
      }
    ]
  },
  "sceneViewportBackgroundColors" : {

  }
}