{
  "advancedEditorSelectedIdentifier" : "ShaderGraphEditorPluginID",
  "openSceneRelativePaths" : [
    "Scene.usda"
  ],
  "recentIdentifiers" : {
    "F2451F18-E580-4148-9879-D2D30F28F66A" : [

    ]
  },
  "sceneCameraHistory" : {
    "F2451F18-E580-4148-9879-D2D30F28F66A" : [
      {
        "date" : 773340657.307466,
        "title" : "Untitled",
        "transform" : [
          0.99762046,
          -2.236748e-08,
          0.06894491,
          0,
          0.024983404,
          0.9320353,
          -0.36150518,
          0,
          -0.06425908,
          0.36236742,
          0.9298175,
          0,
          -0.030869674,
          0.16512212,
          0.5968974,
          1
        ]
      },
      {
        "date" : 773340601.673884,
        "title" : "Untitled",
        "transform" : [
          0.9546104,
          -2.2726972e-08,
          0.29785737,
          0,
          0.1811535,
          0.7937925,
          -0.5805833,
          0,
          -0.23643693,
          0.6081887,
          0.75776255,
          0,
          -0.1639446,
          0.39443702,
          0.4462738,
          1
        ]
      },
      {
        "date" : 773340578.772613,
        "title" : "Untitled",
        "transform" : [
          0.9546104,
          -2.2726972e-08,
          0.29785737,
          0,
          0.1811535,
          0.7937925,
          -0.5805833,
          0,
          -0.23643693,
          0.6081887,
          0.75776255,
          0,
          -0.036122322,
          0.23270077,
          0.6159681,
          1
        ]
      },
      {
        "date" : 773340562.529734,
        "title" : "Untitled",
        "transform" : [
          0.95461035,
          -1.5306956e-08,
          0.29785737,
          0,
          0.18115342,
          0.7937925,
          -0.5805833,
          0,
          -0.2364366,
          0.60818857,
          0.7577627,
          0,
          -0.37288672,
          0.7828085,
          0.6635945,
          1
        ]
      },
      {
        "date" : 773340551.1256,
        "title" : "Untitled",
        "transform" : [
          0.9703951,
          -9.147031e-09,
          -0.24152295,
          0,
          -0.03792405,
          0.9875954,
          -0.15237159,
          0,
          0.23852734,
          0.15702005,
          0.95835763,
          0,
          0.0945226,
          0.3340322,
          1.0352194,
          1
        ]
      },
      {
        "date" : 773340544.882652,
        "title" : "Untitled",
        "transform" : [
          0.71588784,
          -4.152696e-10,
          -0.69821525,
          0,
          -0.17021173,
          0.9698303,
          -0.17451987,
          0,
          0.6771506,
          0.24378096,
          0.69428957,
          0,
          0.48017412,
          0.40644976,
          0.849873,
          1
        ]
      },
      {
        "date" : 773338854.81514,
        "title" : "Untitled",
        "transform" : [
          0.89740103,
          -3.9452946e-10,
          -0.44121578,
          0,
          -0.1923537,
          0.89996475,
          -0.39123333,
          0,
          0.39707896,
          0.43596253,
          0.8076292,
          0,
          0.14030917,
          0.37867528,
          0.635749,
          1
        ]
      },
      {
        "date" : 773338795.757382,
        "title" : "Untitled",
        "transform" : [
          0.89740103,
          -3.9452946e-10,
          -0.44121578,
          0,
          -0.1923537,
          0.89996475,
          -0.39123333,
          0,
          0.39707896,
          0.43596253,
          0.8076292,
          0,
          0.14892556,
          0.35448426,
          0.64457107,
          1
        ]
      },
      {
        "date" : 773338575.074787,
        "title" : "Untitled",
        "transform" : [
          0.68252444,
          -3.6815972e-10,
          -0.73086274,
          0,
          -0.31934437,
          0.8994899,
          -0.29822323,
          0,
          0.65740395,
          0.4369414,
          0.6139237,
          0,
          0.37647948,
          0.35520926,
          0.54793364,
          1
        ]
      },
      {
        "date" : 773338433.200271,
        "title" : "Untitled",
        "transform" : [
          0.54332,
          2.5621585e-10,
          -0.83952564,
          0,
          -0.29954976,
          0.93417764,
          -0.193861,
          0,
          0.78426635,
          0.3568081,
          0.5075573,
          0,
          0.45618582,
          0.30913568,
          0.49205798,
          1
        ]
      }
    ]
  },
  "sceneViewportBackgroundColors" : {

  }
}